1000_1.txt,0.03282828282828283,0.16414141414141414,0.0025252525252525255,0.012626262626262626,0.21464646464646464,0.012626262626262626,0.11363636363636363,0.022727272727272728,0.05303030303030303,0.0025252525252525255,0.0025252525252525255,0.28535353535353536,0.0025252525252525255,0.0025252525252525255,0.012626262626262626,0.0025252525252525255,0.0025252525252525255,0.0025252525252525255,0.03282828282828283,0.022727272727272728
1000_2.txt,0.003787878787878788,0.1856060606060606,0.003787878787878788,0.003787878787878788,0.07954545454545454,0.003787878787878788,0.23106060606060605,0.003787878787878788,0.03409090909090909,0.23106060606060605,0.01893939393939394,0.003787878787878788,0.003787878787878788,0.01893939393939394,0.003787878787878788,0.003787878787878788,0.003787878787878788,0.04924242424242424,0.0946969696969697,0.01893939393939394
1000_3.txt,0.009541984732824428,0.01717557251908397,0.0019083969465648854,0.0019083969465648854,0.0019083969465648854,0.0019083969465648854,0.7347328244274809,0.0019083969465648854,0.0019083969465648854,0.0019083969465648854,0.09351145038167939,0.01717557251908397,0.0019083969465648854,0.0019083969465648854,0.0019083969465648854,0.0019083969465648854,0.009541984732824428,0.09351145038167939,0.0019083969465648854,0.0019083969465648854
1000_4.txt,0.064453125,0.322265625,0.056640625,0.009765625,0.001953125,0.001953125,0.369140625,0.001953125,0.001953125,0.001953125,0.041015625,0.001953125,0.080078125,0.001953125,0.001953125,0.033203125,0.001953125,0.001953125,0.001953125,0.001953125
1001_1.txt,0.10080645161290322,0.0846774193548387,0.004032258064516129,0.004032258064516129,0.004032258064516129,0.004032258064516129,0.004032258064516129,0.004032258064516129,0.020161290322580645,0.004032258064516129,0.1975806451612903,0.004032258064516129,0.004032258064516129,0.05241935483870968,0.004032258064516129,0.036290322580645164,0.004032258064516129,0.020161290322580645,0.06854838709677419,0.375
1001_2.txt,0.003968253968253968,0.06746031746031746,0.003968253968253968,0.03571428571428571,0.003968253968253968,0.003968253968253968,0.051587301587301584,0.003968253968253968,0.003968253968253968,0.08333333333333333,0.0992063492063492,0.003968253968253968,0.003968253968253968,0.003968253968253968,0.03571428571428571,0.03571428571428571,0.2261904761904762,0.01984126984126984,0.08333333333333333,0.2261904761904762
1001_3.txt,0.003125,0.003125,0.015625,0.003125,0.103125,0.003125,0.103125,0.003125,0.003125,0.003125,0.053125,0.003125,0.003125,0.078125,0.003125,0.003125,0.053125,0.003125,0.028125,0.528125
1001_4.txt,0.003289473684210526,0.04276315789473684,0.01644736842105263,0.09539473684210527,0.029605263157894735,0.029605263157894735,0.01644736842105263,0.029605263157894735,0.01644736842105263,0.003289473684210526,0.08223684210526316,0.003289473684210526,0.01644736842105263,0.003289473684210526,0.003289473684210526,0.01644736842105263,0.2138157894736842,0.003289473684210526,0.01644736842105263,0.35855263157894735
1002_1.txt,0.016544117647058824,0.001838235294117647,0.009191176470588236,0.016544117647058824,0.7886029411764706,0.001838235294117647,0.02389705882352941,0.001838235294117647,0.02389705882352941,0.001838235294117647,0.02389705882352941,0.016544117647058824,0.001838235294117647,0.009191176470588236,0.001838235294117647,0.009191176470588236,0.03125,0.001838235294117647,0.016544117647058824,0.001838235294117647
1002_2.txt,0.0020325203252032522,0.01016260162601626,0.0020325203252032522,0.0020325203252032522,0.790650406504065,0.0020325203252032522,0.0020325203252032522,0.026422764227642278,0.034552845528455285,0.0020325203252032522,0.034552845528455285,0.0020325203252032522,0.0020325203252032522,0.0020325203252032522,0.0020325203252032522,0.0020325203252032522,0.034552845528455285,0.01016260162601626,0.0020325203252032522,0.034552845528455285
1002_3.txt,0.001445086705202312,0.001445086705202312,0.001445086705202312,0.024566473988439308,0.6257225433526011,0.001445086705202312,0.01878612716763006,0.0072254335260115606,0.06502890173410404,0.01878612716763006,0.001445086705202312,0.001445086705202312,0.001445086705202312,0.01878612716763006,0.001445086705202312,0.001445086705202312,0.059248554913294796,0.0072254335260115606,0.14017341040462428,0.001445086705202312
1002_4.txt,0.08548387096774193,0.0016129032258064516,0.008064516129032258,0.0016129032258064516,0.75,0.008064516129032258,0.0016129032258064516,0.0016129032258064516,0.008064516129032258,0.04032258064516129,0.0016129032258064516,0.008064516129032258,0.0016129032258064516,0.014516129032258065,0.0016129032258064516,0.03387096774193549,0.014516129032258065,0.0016129032258064516,0.0016129032258064516,0.014516129032258065
1003_1.txt,0.0014619883040935672,0.03654970760233918,0.03654970760233918,0.0014619883040935672,0.019005847953216373,0.019005847953216373,0.03070175438596491,0.024853801169590642,0.024853801169590642,0.6447368421052632,0.03070175438596491,0.0014619883040935672,0.0014619883040935672,0.03654970760233918,0.0014619883040935672,0.07748538011695906,0.0014619883040935672,0.007309941520467836,0.0014619883040935672,0.0014619883040935672
1003_2.txt,0.0012437810945273632,0.0012437810945273632,0.011194029850746268,0.006218905472636816,0.03109452736318408,0.011194029850746268,0.01616915422885572,0.011194029850746268,0.011194029850746268,0.6231343283582089,0.0012437810945273632,0.03109452736318408,0.01616915422885572,0.06592039800995025,0.0012437810945273632,0.046019900497512436,0.0012437810945273632,0.0012437810945273632,0.03109452736318408,0.08084577114427861
1003_3.txt,0.08522727272727272,0.08522727272727272,0.001893939393939394,0.00946969696969697,0.017045454545454544,0.001893939393939394,0.001893939393939394,0.04734848484848485,0.00946969696969697,0.5246212121212122,0.00946969696969697,0.00946969696969697,0.001893939393939394,0.001893939393939394,0.07007575757575757,0.10037878787878787,0.001893939393939394,0.001893939393939394,0.017045454545454544,0.001893939393939394
1003_4.txt,0.001366120218579235,0.11612021857923498,0.023224043715846996,0.006830601092896175,0.07240437158469945,0.017759562841530054,0.006830601092896175,0.001366120218579235,0.001366120218579235,0.569672131147541,0.001366120218579235,0.001366120218579235,0.006830601092896175,0.03961748633879782,0.050546448087431695,0.06693989071038252,0.001366120218579235,0.006830601092896175,0.006830601092896175,0.001366120218579235
1004_1.txt,0.01717557251908397,0.0019083969465648854,0.08587786259541985,0.06297709923664122,0.02480916030534351,0.01717557251908397,0.06297709923664122,0.009541984732824428,0.0019083969465648854,0.03244274809160305,0.0019083969465648854,0.03244274809160305,0.009541984732824428,0.009541984732824428,0.0019083969465648854,0.0019083969465648854,0.04770992366412214,0.04007633587786259,0.0019083969465648854,0.5362595419847328
1004_2.txt,0.19578313253012047,0.0030120481927710845,0.0030120481927710845,0.015060240963855422,0.0391566265060241,0.0030120481927710845,0.06325301204819277,0.02710843373493976,0.06325301204819277,0.0030120481927710845,0.0030120481927710845,0.0030120481927710845,0.05120481927710843,0.0030120481927710845,0.0030120481927710845,0.015060240963855422,0.0030120481927710845,0.0030120481927710845,0.0030120481927710845,0.49698795180722893
1004_3.txt,0.003125,0.115625,0.028125,0.003125,0.003125,0.015625,0.040625,0.003125,0.028125,0.015625,0.090625,0.028125,0.053125,0.003125,0.015625,0.003125,0.003125,0.003125,0.003125,0.540625
1004_4.txt,0.23484848484848486,0.04292929292929293,0.022727272727272728,0.0025252525252525255,0.022727272727272728,0.0025252525252525255,0.022727272727272728,0.022727272727272728,0.0025252525252525255,0.04292929292929293,0.03282828282828283,0.0025252525252525255,0.0025252525252525255,0.012626262626262626,0.0025252525252525255,0.06313131313131314,0.0025252525252525255,0.0025252525252525255,0.28535353535353536,0.17424242424242425
1005_1.txt,0.0020491803278688526,0.0020491803278688526,0.0020491803278688526,0.0020491803278688526,0.010245901639344262,0.0020491803278688526,0.03483606557377049,0.010245901639344262,0.010245901639344262,0.05942622950819672,0.0020491803278688526,0.0020491803278688526,0.018442622950819672,0.0020491803278688526,0.0430327868852459,0.018442622950819672,0.7561475409836066,0.010245901639344262,0.010245901639344262,0.0020491803278688526
1005_2.txt,0.001851851851851852,0.009259259259259259,0.001851851851851852,0.009259259259259259,0.001851851851851852,0.001851851851851852,0.009259259259259259,0.009259259259259259,0.001851851851851852,0.10555555555555556,0.009259259259259259,0.001851851851851852,0.001851851851851852,0.001851851851851852,0.001851851851851852,0.001851851851851852,0.8166666666666667,0.009259259259259259,0.001851851851851852,0.001851851851851852
1005_3.txt,0.0022522522522522522,0.0022522522522522522,0.0022522522522522522,0.0022522522522522522,0.01126126126126126,0.0022522522522522522,0.01126126126126126,0.0022522522522522522,0.0022522522522522522,0.0022522522522522522,0.0022522522522522522,0.0022522522522522522,0.0022522522522522522,0.0022522522522522522,0.02027027027027027,0.0022522522522522522,0.9031531531531531,0.0022522522522522522,0.0022522522522522522,0.02027027027027027
1005_4.txt,0.0023584905660377358,0.07783018867924528,0.0023584905660377358,0.01179245283018868,0.0023584905660377358,0.0023584905660377358,0.0023584905660377358,0.0023584905660377358,0.0023584905660377358,0.1721698113207547,0.02122641509433962,0.030660377358490566,0.0023584905660377358,0.0023584905660377358,0.08726415094339622,0.01179245283018868,0.5023584905660378,0.0023584905660377358,0.0023584905660377358,0.0589622641509434
1006_1.txt,0.715,0.10833333333333334,0.0016666666666666668,0.0016666666666666668,0.021666666666666667,0.0016666666666666668,0.041666666666666664,0.015,0.0016666666666666668,0.008333333333333333,0.035,0.0016666666666666668,0.0016666666666666668,0.0016666666666666668,0.008333333333333333,0.0016666666666666668,0.015,0.015,0.0016666666666666668,0.0016666666666666668
1006_2.txt,0.744140625,0.017578125,0.001953125,0.009765625,0.009765625,0.001953125,0.017578125,0.001953125,0.001953125,0.009765625,0.041015625,0.033203125,0.001953125,0.001953125,0.017578125,0.001953125,0.001953125,0.001953125,0.001953125,0.080078125
1006_3.txt,0.6064356435643564,0.0024752475247524753,0.1905940594059406,0.0024752475247524753,0.012376237623762377,0.0024752475247524753,0.0024752475247524753,0.04207920792079208,0.0024752475247524753,0.0024752475247524753,0.0024752475247524753,0.0024752475247524753,0.0024752475247524753,0.09158415841584158,0.022277227722772276,0.0024752475247524753,0.0024752475247524753,0.0024752475247524753,0.0024752475247524753,0.0024752475247524753
1006_4.txt,0.7004310344827587,0.04525862068965517,0.0021551724137931034,0.0021551724137931034,0.0021551724137931034,0.0021551724137931034,0.09698275862068965,0.0021551724137931034,0.010775862068965518,0.0021551724137931034,0.010775862068965518,0.0021551724137931034,0.07112068965517242,0.028017241379310345,0.0021551724137931034,0.0021551724137931034,0.0021551724137931034,0.0021551724137931034,0.0021551724137931034,0.010775862068965518
1007_1.txt,0.12383177570093458,0.002336448598130841,0.1705607476635514,0.002336448598130841,0.002336448598130841,0.47897196261682246,0.002336448598130841,0.002336448598130841,0.04906542056074766,0.030373831775700934,0.002336448598130841,0.002336448598130841,0.002336448598130841,0.002336448598130841,0.002336448598130841,0.011682242990654205,0.030373831775700934,0.002336448598130841,0.07710280373831775,0.002336448598130841
1007_2.txt,0.024853801169590642,0.0891812865497076,0.11842105263157894,0.024853801169590642,0.0014619883040935672,0.6271929824561403,0.0014619883040935672,0.0014619883040935672,0.0014619883040935672,0.03070175438596491,0.007309941520467836,0.04239766081871345,0.0014619883040935672,0.0014619883040935672,0.0014619883040935672,0.0014619883040935672,0.007309941520467836,0.013157894736842105,0.0014619883040935672,0.0014619883040935672
1007_3.txt,0.00744047619047619,0.00744047619047619,0.00744047619047619,0.001488095238095238,0.001488095238095238,0.7157738095238095,0.013392857142857142,0.001488095238095238,0.001488095238095238,0.00744047619047619,0.00744047619047619,0.043154761904761904,0.001488095238095238,0.001488095238095238,0.08482142857142858,0.001488095238095238,0.019345238095238096,0.001488095238095238,0.07291666666666667,0.001488095238095238
1007_4.txt,0.06902985074626866,0.0018656716417910447,0.016791044776119403,0.03171641791044776,0.0018656716417910447,0.710820895522388,0.0018656716417910447,0.016791044776119403,0.0018656716417910447,0.009328358208955223,0.0018656716417910447,0.03171641791044776,0.03171641791044776,0.0018656716417910447,0.0018656716417910447,0.0018656716417910447,0.0018656716417910447,0.009328358208955223,0.054104477611940295,0.0018656716417910447
1008_1.txt,0.19817073170731708,0.003048780487804878,0.003048780487804878,0.06402439024390244,0.003048780487804878,0.003048780487804878,0.18597560975609756,0.003048780487804878,0.051829268292682924,0.003048780487804878,0.039634146341463415,0.003048780487804878,0.06402439024390244,0.003048780487804878,0.06402439024390244,0.003048780487804878,0.003048780487804878,0.01524390243902439,0.18597560975609756,0.10060975609756098
1008_2.txt,0.0037313432835820895,0.07835820895522388,0.0037313432835820895,0.018656716417910446,0.07835820895522388,0.0037313432835820895,0.376865671641791,0.0037313432835820895,0.0037313432835820895,0.048507462686567165,0.07835820895522388,0.12313432835820895,0.0037313432835820895,0.048507462686567165,0.033582089552238806,0.0037313432835820895,0.018656716417910446,0.0037313432835820895,0.048507462686567165,0.018656716417910446
1008_3.txt,0.04906542056074766,0.002336448598130841,0.002336448598130841,0.07710280373831775,0.002336448598130841,0.002336448598130841,0.4602803738317757,0.030373831775700934,0.0397196261682243,0.002336448598130841,0.030373831775700934,0.06775700934579439,0.002336448598130841,0.002336448598130841,0.07710280373831775,0.002336448598130841,0.002336448598130841,0.0397196261682243,0.04906542056074766,0.05841121495327103
1008_4.txt,0.0027472527472527475,0.23351648351648352,0.013736263736263736,0.013736263736263736,0.0027472527472527475,0.0027472527472527475,0.3434065934065934,0.0027472527472527475,0.0027472527472527475,0.0027472527472527475,0.10164835164835165,0.013736263736263736,0.07967032967032966,0.024725274725274724,0.0027472527472527475,0.024725274725274724,0.0027472527472527475,0.0027472527472527475,0.013736263736263736,0.11263736263736264
1009_1.txt,0.04233870967741935,0.12298387096774194,0.010080645161290322,0.0020161290322580645,0.018145161290322582,0.0020161290322580645,0.0020161290322580645,0.0020161290322580645,0.0020161290322580645,0.0020161290322580645,0.0020161290322580645,0.0020161290322580645,0.6955645161290323,0.0020161290322580645,0.0020161290322580645,0.010080645161290322,0.034274193548387094,0.018145161290322582,0.02620967741935484,0.0020161290322580645
1009_2.txt,0.0017605633802816902,0.06514084507042253,0.0017605633802816902,0.03697183098591549,0.02992957746478873,0.01584507042253521,0.0721830985915493,0.0017605633802816902,0.0017605633802816902,0.0017605633802816902,0.02992957746478873,0.0017605633802816902,0.49471830985915494,0.0017605633802816902,0.0721830985915493,0.02992957746478873,0.0017605633802816902,0.058098591549295774,0.07922535211267606,0.0017605633802816902
1009_3.txt,0.061258278145695365,0.008278145695364239,0.0016556291390728477,0.041390728476821195,0.0016556291390728477,0.0016556291390728477,0.0016556291390728477,0.041390728476821195,0.0016556291390728477,0.0016556291390728477,0.0016556291390728477,0.0016556291390728477,0.7367549668874173,0.0016556291390728477,0.0016556291390728477,0.0016556291390728477,0.028145695364238412,0.02152317880794702,0.041390728476821195,0.0016556291390728477
1009_4.txt,0.014331210191082803,0.0015923566878980893,0.020700636942675158,0.007961783439490446,0.0015923566878980893,0.0015923566878980893,0.0015923566878980893,0.0015923566878980893,0.03343949044585987,0.0015923566878980893,0.0015923566878980893,0.03343949044585987,0.695859872611465,0.007961783439490446,0.0015923566878980893,0.12261146496815287,0.0015923566878980893,0.04617834394904458,0.0015923566878980893,0.0015923566878980893
1010_1.txt,0.003676470588235294,0.26838235294117646,0.03308823529411765,0.003676470588235294,0.07720588235294118,0.01838235294117647,0.003676470588235294,0.07720588235294118,0.003676470588235294,0.003676470588235294,0.003676470588235294,0.01838235294117647,0.04779411764705882,0.03308823529411765,0.003676470588235294,0.04779411764705882,0.0625,0.003676470588235294,0.23897058823529413,0.04779411764705882
1010_2.txt,0.002688172043010753,0.4435483870967742,0.002688172043010753,0.013440860215053764,0.11021505376344086,0.002688172043010753,0.013440860215053764,0.056451612903225805,0.002688172043010753,0.002688172043010753,0.013440860215053764,0.002688172043010753,0.08870967741935484,0.08870967741935484,0.013440860215053764,0.002688172043010753,0.03494623655913978,0.002688172043010753,0.08870967741935484,0.013440860215053764
1010_3.txt,0.002717391304347826,0.328804347826087,0.002717391304347826,0.057065217391304345,0.024456521739130436,0.002717391304347826,0.04619565217391304,0.01358695652173913,0.002717391304347826,0.01358695652173913,0.002717391304347826,0.20923913043478262,0.01358695652173913,0.002717391304347826,0.002717391304347826,0.07880434782608696,0.024456521739130436,0.06793478260869565,0.07880434782608696,0.024456521739130436
1010_4.txt,0.0029069767441860465,0.8284883720930233,0.0029069767441860465,0.0029069767441860465,0.014534883720930232,0.0029069767441860465,0.0029069767441860465,0.04941860465116279,0.0029069767441860465,0.0029069767441860465,0.0029069767441860465,0.0029069767441860465,0.0029069767441860465,0.014534883720930232,0.014534883720930232,0.02616279069767442,0.0029069767441860465,0.0029069767441860465,0.0029069767441860465,0.014534883720930232
1011_1.txt,0.002380952380952381,0.002380952380952381,0.002380952380952381,0.002380952380952381,0.002380952380952381,0.002380952380952381,0.002380952380952381,0.05,0.002380952380952381,0.002380952380952381,0.002380952380952381,0.002380952380952381,0.05,0.002380952380952381,0.6976190476190476,0.02142857142857143,0.07857142857142857,0.002380952380952381,0.05,0.02142857142857143
1011_2.txt,0.002403846153846154,0.01201923076923077,0.002403846153846154,0.040865384615384616,0.002403846153846154,0.002403846153846154,0.002403846153846154,0.07932692307692307,0.002403846153846154,0.03125,0.002403846153846154,0.002403846153846154,0.06009615384615385,0.05048076923076923,0.6081730769230769,0.0889423076923077,0.002403846153846154,0.002403846153846154,0.002403846153846154,0.002403846153846154
1011_3.txt,0.01050420168067227,0.06092436974789916,0.06092436974789916,0.0021008403361344537,0.01050420168067227,0.0021008403361344537,0.0021008403361344537,0.15336134453781514,0.3550420168067227,0.01050420168067227,0.0021008403361344537,0.06092436974789916,0.0021008403361344537,0.06092436974789916,0.0273109243697479,0.10294117647058823,0.0021008403361344537,0.0021008403361344537,0.018907563025210083,0.052521008403361345
1011_4.txt,0.001893939393939394,0.08522727272727272,0.001893939393939394,0.001893939393939394,0.017045454545454544,0.00946969696969697,0.03977272727272727,0.001893939393939394,0.615530303030303,0.00946969696969697,0.001893939393939394,0.001893939393939394,0.017045454545454544,0.001893939393939394,0.001893939393939394,0.12310606060606061,0.017045454545454544,0.04734848484848485,0.001893939393939394,0.001893939393939394
1012_1.txt,0.0032216494845360823,0.026417525773195876,0.01095360824742268,0.01610824742268041,0.005798969072164949,0.005798969072164949,6.443298969072165E-4,6.443298969072165E-4,0.01610824742268041,6.443298969072165E-4,0.6372422680412371,0.018685567010309278,6.443298969072165E-4,6.443298969072165E-4,6.443298969072165E-4,0.005798969072164949,6.443298969072165E-4,0.21971649484536082,0.005798969072164949,0.02384020618556701
1012_2.txt,0.05106100795755968,6.63129973474801E-4,6.63129973474801E-4,6.63129973474801E-4,0.03249336870026525,6.63129973474801E-4,0.0033156498673740055,0.008620689655172414,0.021883289124668436,0.011273209549071617,0.011273209549071617,0.021883289124668436,6.63129973474801E-4,0.0033156498673740055,6.63129973474801E-4,6.63129973474801E-4,6.63129973474801E-4,0.8149867374005305,6.63129973474801E-4,0.013925729442970823
1012_3.txt,0.02470059880239521,0.02470059880239521,7.485029940119761E-4,0.0187125748502994,0.0037425149700598802,7.485029940119761E-4,0.0037425149700598802,7.485029940119761E-4,0.0037425149700598802,7.485029940119761E-4,0.06961077844311377,0.6414670658682635,0.021706586826347306,7.485029940119761E-4,7.485029940119761E-4,7.485029940119761E-4,7.485029940119761E-4,0.1474550898203593,0.033682634730538924,7.485029940119761E-4
1012_4.txt,0.016346153846153847,0.02403846153846154,0.008653846153846154,0.004807692307692308,0.020192307692307693,0.0125,0.03173076923076923,0.027884615384615386,9.615384615384616E-4,0.016346153846153847,0.1125,0.06634615384615385,9.615384615384616E-4,9.615384615384616E-4,0.05480769230769231,0.004807692307692308,9.615384615384616E-4,0.07403846153846154,9.615384615384616E-4,0.5201923076923077
1013_1.txt,0.015957446808510637,0.0017730496453900709,0.0017730496453900709,0.08687943262411348,0.0797872340425532,0.030141843971631204,0.0017730496453900709,0.05851063829787234,0.0797872340425532,0.015957446808510637,0.0017730496453900709,0.05851063829787234,0.0017730496453900709,0.02304964539007092,0.4627659574468085,0.0017730496453900709,0.02304964539007092,0.03723404255319149,0.015957446808510637,0.0017730496453900709
1013_2.txt,0.0021929824561403508,0.0021929824561403508,0.03728070175438596,0.046052631578947366,0.09868421052631579,0.010964912280701754,0.1425438596491228,0.0021929824561403508,0.03728070175438596,0.1337719298245614,0.0021929824561403508,0.03728070175438596,0.019736842105263157,0.010964912280701754,0.23026315789473684,0.1425438596491228,0.03728070175438596,0.0021929824561403508,0.0021929824561403508,0.0021929824561403508
1013_3.txt,0.0017241379310344827,0.0017241379310344827,0.06379310344827586,0.5741379310344827,0.0017241379310344827,0.0017241379310344827,0.0017241379310344827,0.0017241379310344827,0.0017241379310344827,0.029310344827586206,0.015517241379310345,0.022413793103448276,0.0017241379310344827,0.015517241379310345,0.03620689655172414,0.0017241379310344827,0.12586206896551724,0.029310344827586206,0.0017241379310344827,0.0706896551724138
1013_4.txt,0.12896825396825398,0.001984126984126984,0.001984126984126984,0.4226190476190476,0.041666666666666664,0.001984126984126984,0.03373015873015873,0.001984126984126984,0.001984126984126984,0.09722222222222222,0.03373015873015873,0.03373015873015873,0.001984126984126984,0.00992063492063492,0.041666666666666664,0.001984126984126984,0.09722222222222222,0.001984126984126984,0.03373015873015873,0.00992063492063492
1014_1.txt,0.002717391304347826,0.002717391304347826,0.07880434782608696,0.1766304347826087,0.024456521739130436,0.002717391304347826,0.5353260869565217,0.002717391304347826,0.002717391304347826,0.10054347826086957,0.002717391304347826,0.002717391304347826,0.002717391304347826,0.002717391304347826,0.024456521739130436,0.002717391304347826,0.01358695652173913,0.002717391304347826,0.002717391304347826,0.01358695652173913
1014_2.txt,0.02710843373493976,0.0030120481927710845,0.0030120481927710845,0.0391566265060241,0.0030120481927710845,0.0030120481927710845,0.6295180722891566,0.02710843373493976,0.0030120481927710845,0.0391566265060241,0.0030120481927710845,0.015060240963855422,0.0030120481927710845,0.015060240963855422,0.0391566265060241,0.0030120481927710845,0.11144578313253012,0.02710843373493976,0.0030120481927710845,0.0030120481927710845
1014_3.txt,0.00423728813559322,0.13983050847457626,0.05508474576271186,0.00423728813559322,0.15677966101694915,0.00423728813559322,0.2245762711864407,0.00423728813559322,0.08898305084745763,0.00423728813559322,0.0211864406779661,0.2076271186440678,0.00423728813559322,0.00423728813559322,0.00423728813559322,0.038135593220338986,0.0211864406779661,0.00423728813559322,0.00423728813559322,0.00423728813559322
1014_4.txt,0.0456989247311828,0.271505376344086,0.002688172043010753,0.002688172043010753,0.002688172043010753,0.002688172043010753,0.5080645161290323,0.013440860215053764,0.06720430107526881,0.002688172043010753,0.002688172043010753,0.03494623655913978,0.002688172043010753,0.002688172043010753,0.002688172043010753,0.002688172043010753,0.002688172043010753,0.024193548387096774,0.002688172043010753,0.002688172043010753
1015_1.txt,0.008278145695364239,0.014900662251655629,0.054635761589403975,0.054635761589403975,0.0016556291390728477,0.028145695364238412,0.008278145695364239,0.02152317880794702,0.014900662251655629,0.0016556291390728477,0.0016556291390728477,0.028145695364238412,0.0016556291390728477,0.0016556291390728477,0.0016556291390728477,0.02152317880794702,0.0016556291390728477,0.014900662251655629,0.7168874172185431,0.0016556291390728477
1015_2.txt,0.0014044943820224719,0.007022471910112359,0.018258426966292134,0.0014044943820224719,0.007022471910112359,0.10252808988764045,0.0351123595505618,0.0014044943820224719,0.012640449438202247,0.0014044943820224719,0.0014044943820224719,0.02949438202247191,0.0014044943820224719,0.018258426966292134,0.046348314606741575,0.02949438202247191,0.0014044943820224719,0.05196629213483146,0.6306179775280899,0.0014044943820224719
1015_3.txt,0.017578125,0.064453125,0.017578125,0.087890625,0.025390625,0.087890625,0.001953125,0.080078125,0.025390625,0.001953125,0.001953125,0.001953125,0.001953125,0.001953125,0.009765625,0.001953125,0.001953125,0.033203125,0.533203125,0.001953125
1015_4.txt,0.03551136363636364,0.0014204545454545455,0.018465909090909092,0.06960227272727272,0.15482954545454544,0.0014204545454545455,0.007102272727272727,0.0014204545454545455,0.07528409090909091,0.0014204545454545455,0.0014204545454545455,0.0014204545454545455,0.0014204545454545455,0.029829545454545456,0.0014204545454545455,0.0014204545454545455,0.06392045454545454,0.0014204545454545455,0.5127840909090909,0.018465909090909092
1016_1.txt,0.13990825688073394,0.05733944954128441,0.33256880733944955,0.011467889908256881,0.011467889908256881,0.2958715596330275,0.0022935779816513763,0.0022935779816513763,0.0022935779816513763,0.011467889908256881,0.0022935779816513763,0.07568807339449542,0.0022935779816513763,0.0022935779816513763,0.011467889908256881,0.020642201834862386,0.011467889908256881,0.0022935779816513763,0.0022935779816513763,0.0022935779816513763
1016_2.txt,0.08967391304347826,0.002717391304347826,0.6114130434782609,0.057065217391304345,0.01358695652173913,0.08967391304347826,0.01358695652173913,0.002717391304347826,0.002717391304347826,0.002717391304347826,0.002717391304347826,0.057065217391304345,0.002717391304347826,0.01358695652173913,0.01358695652173913,0.01358695652173913,0.002717391304347826,0.002717391304347826,0.002717391304347826,0.002717391304347826
1016_3.txt,0.0029411764705882353,0.10882352941176471,0.5088235294117647,0.0029411764705882353,0.0029411764705882353,0.08529411764705883,0.0029411764705882353,0.061764705882352944,0.0029411764705882353,0.0029411764705882353,0.014705882352941176,0.0029411764705882353,0.0029411764705882353,0.014705882352941176,0.05,0.061764705882352944,0.03823529411764706,0.014705882352941176,0.014705882352941176,0.0029411764705882353
1016_4.txt,0.02480916030534351,0.04770992366412214,0.6354961832061069,0.0019083969465648854,0.0019083969465648854,0.01717557251908397,0.01717557251908397,0.0019083969465648854,0.0019083969465648854,0.02480916030534351,0.10877862595419847,0.07061068702290077,0.0019083969465648854,0.02480916030534351,0.0019083969465648854,0.0019083969465648854,0.0019083969465648854,0.0019083969465648854,0.0019083969465648854,0.009541984732824428
1017_1.txt,0.09166666666666666,0.33611111111111114,0.002777777777777778,0.002777777777777778,0.14722222222222223,0.03611111111111111,0.025,0.002777777777777778,0.002777777777777778,0.025,0.2361111111111111,0.013888888888888888,0.03611111111111111,0.013888888888888888,0.013888888888888888,0.002777777777777778,0.002777777777777778,0.002777777777777778,0.002777777777777778,0.002777777777777778
1017_2.txt,0.002136752136752137,0.06196581196581197,0.053418803418803416,0.053418803418803416,0.002136752136752137,0.002136752136752137,0.06196581196581197,0.002136752136752137,0.010683760683760684,0.16452991452991453,0.4722222222222222,0.010683760683760684,0.002136752136752137,0.002136752136752137,0.027777777777777776,0.053418803418803416,0.002136752136752137,0.002136752136752137,0.010683760683760684,0.002136752136752137
1017_3.txt,0.001953125,0.220703125,0.001953125,0.541015625,0.001953125,0.001953125,0.009765625,0.001953125,0.009765625,0.056640625,0.080078125,0.001953125,0.001953125,0.001953125,0.001953125,0.001953125,0.001953125,0.048828125,0.001953125,0.009765625
1017_4.txt,0.006313131313131313,0.07196969696969698,0.041666666666666664,0.5618686868686869,0.016414141414141416,0.0012626262626262627,0.006313131313131313,0.011363636363636364,0.07702020202020202,0.006313131313131313,0.07702020202020202,0.006313131313131313,0.036616161616161616,0.021464646464646464,0.021464646464646464,0.016414141414141416,0.0012626262626262627,0.0012626262626262627,0.0012626262626262627,0.016414141414141416
1018_1.txt,0.0028735632183908046,0.16379310344827586,0.0028735632183908046,0.0028735632183908046,0.02586206896551724,0.5775862068965517,0.0028735632183908046,0.0028735632183908046,0.0028735632183908046,0.0028735632183908046,0.0028735632183908046,0.0028735632183908046,0.0603448275862069,0.0028735632183908046,0.0028735632183908046,0.0603448275862069,0.0028735632183908046,0.0028735632183908046,0.0028735632183908046,0.07183908045977011
1018_2.txt,0.0028735632183908046,0.1752873563218391,0.0028735632183908046,0.0028735632183908046,0.08333333333333333,0.4051724137931034,0.08333333333333333,0.0028735632183908046,0.0028735632183908046,0.014367816091954023,0.0028735632183908046,0.0028735632183908046,0.014367816091954023,0.02586206896551724,0.0028735632183908046,0.04885057471264368,0.0028735632183908046,0.0603448275862069,0.0603448275862069,0.0028735632183908046
1018_3.txt,0.002777777777777778,0.11388888888888889,0.002777777777777778,0.002777777777777778,0.013888888888888888,0.44722222222222224,0.002777777777777778,0.013888888888888888,0.10277777777777777,0.002777777777777778,0.002777777777777778,0.013888888888888888,0.002777777777777778,0.11388888888888889,0.002777777777777778,0.002777777777777778,0.08055555555555556,0.06944444444444445,0.002777777777777778,0.002777777777777778
1018_4.txt,0.002577319587628866,0.2706185567010309,0.002577319587628866,0.04381443298969072,0.03350515463917526,0.5592783505154639,0.002577319587628866,0.002577319587628866,0.002577319587628866,0.002577319587628866,0.01288659793814433,0.002577319587628866,0.002577319587628866,0.002577319587628866,0.023195876288659795,0.002577319587628866,0.002577319587628866,0.002577319587628866,0.002577319587628866,0.023195876288659795
1019_1.txt,0.006355932203389831,0.10805084745762712,0.048728813559322036,0.0035310734463276836,7.062146892655367E-4,0.009180790960451978,0.0035310734463276836,0.6080508474576272,0.10240112994350282,7.062146892655367E-4,7.062146892655367E-4,0.0035310734463276836,7.062146892655367E-4,0.026129943502824857,0.006355932203389831,0.05155367231638418,7.062146892655367E-4,0.006355932203389831,7.062146892655367E-4,0.012005649717514125
1019_2.txt,6.702412868632708E-4,0.027479892761394103,6.702412868632708E-4,0.003351206434316354,0.01943699731903485,0.003351206434316354,0.006032171581769437,0.16420911528150134,0.035522788203753354,0.030160857908847184,6.702412868632708E-4,0.01675603217158177,0.01675603217158177,0.5475871313672922,0.022117962466487937,0.07841823056300268,6.702412868632708E-4,0.01943699731903485,0.006032171581769437,6.702412868632708E-4
1019_3.txt,0.005952380952380952,0.056216931216931214,0.005952380952380952,0.10119047619047619,0.021825396825396824,0.04298941798941799,0.02447089947089947,0.5112433862433863,0.0033068783068783067,6.613756613756613E-4,0.005952380952380952,0.04298941798941799,0.016534391534391533,0.016534391534391533,0.021825396825396824,0.08267195767195767,6.613756613756613E-4,0.037698412698412696,6.613756613756613E-4,6.613756613756613E-4
1019_4.txt,7.41839762611276E-4,0.14614243323442136,0.015578635014836795,0.0066765578635014835,0.05415430267062315,0.015578635014836795,7.41839762611276E-4,0.1758160237388724,0.018545994065281898,7.41839762611276E-4,7.41839762611276E-4,0.012611275964391691,0.045252225519287835,0.4102373887240356,0.024480712166172106,0.00370919881305638,7.41839762611276E-4,0.05118694362017804,7.41839762611276E-4,0.015578635014836795
1020_1.txt,0.020454545454545454,0.075,0.0022727272727272726,0.0022727272727272726,0.011363636363636364,0.0022727272727272726,0.011363636363636364,0.0022727272727272726,0.0022727272727272726,0.038636363636363635,0.011363636363636364,0.19318181818181818,0.08409090909090909,0.0022727272727272726,0.4022727272727273,0.020454545454545454,0.0022727272727272726,0.029545454545454545,0.0022727272727272726,0.08409090909090909
1020_2.txt,0.0022935779816513763,0.0022935779816513763,0.0022935779816513763,0.05733944954128441,0.011467889908256881,0.0022935779816513763,0.020642201834862386,0.0022935779816513763,0.0022935779816513763,0.020642201834862386,0.02981651376146789,0.0022935779816513763,0.0022935779816513763,0.0022935779816513763,0.6077981651376146,0.020642201834862386,0.0022935779816513763,0.06651376146788991,0.0022935779816513763,0.13990825688073394
1020_3.txt,0.002173913043478261,0.002173913043478261,0.002173913043478261,0.0891304347826087,0.05434782608695652,0.04565217391304348,0.010869565217391304,0.03695652173913044,0.01956521739130435,0.010869565217391304,0.08043478260869565,0.06304347826086956,0.010869565217391304,0.002173913043478261,0.3760869565217391,0.010869565217391304,0.002173913043478261,0.002173913043478261,0.002173913043478261,0.17608695652173914
1020_4.txt,0.002066115702479339,0.010330578512396695,0.002066115702479339,0.002066115702479339,0.01859504132231405,0.002066115702479339,0.010330578512396695,0.002066115702479339,0.010330578512396695,0.002066115702479339,0.1012396694214876,0.010330578512396695,0.002066115702479339,0.01859504132231405,0.44834710743801653,0.002066115702479339,0.03512396694214876,0.11776859504132231,0.03512396694214876,0.16735537190082644
1021_1.txt,0.004310344827586207,0.004310344827586207,0.5560344827586207,0.004310344827586207,0.21120689655172414,0.004310344827586207,0.05603448275862069,0.004310344827586207,0.05603448275862069,0.004310344827586207,0.004310344827586207,0.004310344827586207,0.004310344827586207,0.004310344827586207,0.004310344827586207,0.004310344827586207,0.05603448275862069,0.004310344827586207,0.004310344827586207,0.004310344827586207
1021_2.txt,0.017857142857142856,0.075,0.5464285714285714,0.0035714285714285713,0.0035714285714285713,0.0035714285714285713,0.13214285714285715,0.0035714285714285713,0.0035714285714285713,0.0035714285714285713,0.03214285714285714,0.017857142857142856,0.017857142857142856,0.04642857142857143,0.017857142857142856,0.0035714285714285713,0.0035714285714285713,0.017857142857142856,0.017857142857142856,0.03214285714285714
1021_3.txt,0.034574468085106384,0.04521276595744681,0.5771276595744681,0.09840425531914894,0.0026595744680851063,0.04521276595744681,0.0026595744680851063,0.0026595744680851063,0.0026595744680851063,0.034574468085106384,0.0026595744680851063,0.0026595744680851063,0.0026595744680851063,0.0026595744680851063,0.0026595744680851063,0.05585106382978723,0.023936170212765957,0.0026595744680851063,0.05585106382978723,0.0026595744680851063
1021_4.txt,0.027777777777777776,0.05246913580246913,0.015432098765432098,0.015432098765432098,0.0030864197530864196,0.015432098765432098,0.015432098765432098,0.0030864197530864196,0.027777777777777776,0.0030864197530864196,0.7932098765432098,0.0030864197530864196,0.0030864197530864196,0.0030864197530864196,0.0030864197530864196,0.0030864197530864196,0.0030864197530864196,0.0030864197530864196,0.0030864197530864196,0.0030864197530864196
1022_1.txt,0.001953125,0.025390625,0.001953125,0.001953125,0.095703125,0.001953125,0.001953125,0.087890625,0.001953125,0.048828125,0.001953125,0.001953125,0.001953125,0.048828125,0.001953125,0.642578125,0.001953125,0.001953125,0.025390625,0.001953125
1022_2.txt,0.012376237623762377,0.09158415841584158,0.012376237623762377,0.0024752475247524753,0.0024752475247524753,0.0024752475247524753,0.04207920792079208,0.05198019801980198,0.0024752475247524753,0.07178217821782178,0.0024752475247524753,0.0024752475247524753,0.0024752475247524753,0.10148514851485149,0.0024752475247524753,0.5866336633663366,0.0024752475247524753,0.0024752475247524753,0.0024752475247524753,0.0024752475247524753
1022_3.txt,0.013020833333333334,0.07552083333333333,0.0026041666666666665,0.0234375,0.0234375,0.0026041666666666665,0.0026041666666666665,0.22135416666666666,0.0026041666666666665,0.0026041666666666665,0.0234375,0.0026041666666666665,0.013020833333333334,0.0234375,0.013020833333333334,0.5338541666666666,0.0026041666666666665,0.013020833333333334,0.0026041666666666665,0.0026041666666666665
1022_4.txt,0.0017605633802816902,0.1073943661971831,0.0017605633802816902,0.13556338028169015,0.0017605633802816902,0.008802816901408451,0.008802816901408451,0.12147887323943662,0.0017605633802816902,0.022887323943661973,0.0017605633802816902,0.0017605633802816902,0.0017605633802816902,0.01584507042253521,0.03697183098591549,0.522887323943662,0.0017605633802816902,0.0017605633802816902,0.0017605633802816902,0.0017605633802816902
1023_1.txt,0.0026041666666666665,0.0546875,0.0026041666666666665,0.0026041666666666665,0.15885416666666666,0.0026041666666666665,0.0026041666666666665,0.0026041666666666665,0.4296875,0.013020833333333334,0.07552083333333333,0.0026041666666666665,0.0026041666666666665,0.1484375,0.0026041666666666665,0.0026041666666666665,0.0026041666666666665,0.0026041666666666665,0.0859375,0.0026041666666666665
1023_2.txt,0.0035211267605633804,0.0035211267605633804,0.0035211267605633804,0.07394366197183098,0.0035211267605633804,0.0035211267605633804,0.045774647887323945,0.0035211267605633804,0.6795774647887324,0.05985915492957746,0.0035211267605633804,0.0035211267605633804,0.017605633802816902,0.0035211267605633804,0.017605633802816902,0.045774647887323945,0.0035211267605633804,0.0035211267605633804,0.0035211267605633804,0.017605633802816902
1023_3.txt,0.019696969696969695,0.025757575757575757,0.0015151515151515152,0.05606060606060606,0.007575757575757576,0.007575757575757576,0.05,0.0015151515151515152,0.6075757575757575,0.025757575757575757,0.019696969696969695,0.0015151515151515152,0.031818181818181815,0.007575757575757576,0.025757575757575757,0.06212121212121212,0.03787878787878788,0.0015151515151515152,0.007575757575757576,0.0015151515151515152
1023_4.txt,0.056818181818181816,0.09318181818181819,0.0022727272727272726,0.0022727272727272726,0.075,0.0022727272727272726,0.0022727272727272726,0.0022727272727272726,0.48409090909090907,0.011363636363636364,0.038636363636363635,0.020454545454545454,0.011363636363636364,0.029545454545454545,0.0022727272727272726,0.0022727272727272726,0.075,0.020454545454545454,0.0659090909090909,0.0022727272727272726
1024_1.txt,0.04941860465116279,0.07267441860465117,0.0029069767441860465,0.0029069767441860465,0.02616279069767442,0.014534883720930232,0.02616279069767442,0.0029069767441860465,0.02616279069767442,0.10755813953488372,0.014534883720930232,0.04941860465116279,0.014534883720930232,0.08430232558139535,0.061046511627906974,0.42151162790697677,0.0029069767441860465,0.0029069767441860465,0.0029069767441860465,0.014534883720930232
